# Distance between aas in the 7 descriptors aaI space:
# BURA740101, CHAM820102, CRAJ730103, FAUJ880103, GRAR740102, RADA880102, ZIMJ680104
#
#
Src,A,R,N,D,C,Q,E,G,H,I,L,K,M,F,P,S,T,W,Y,V
A,0,7.657977539794695,4.1922753964881645,6.650239694928297,5.875891421733387,4.030871493858369,6.276005736135046,1.687692211275504,4.65445163257714,4.591561499098101,4.781234150300526,6.247125739089938,4.392122152217535,6.109607843388968,2.7690012639939336,1.563499920051165,1.8362516167453742,8.103030297364068,7.962663436313254,3.145538109767547
R,7.657977539794695,0,6.56685320378033,9.633601403421258,10.208033307155693,5.9640051140152455,8.592652442639583,8.070730388261028,4.2986328059046865,8.350221853340186,8.524949501316708,2.5819759874948494,7.809034575413276,8.49075591452257,6.437508524266201,7.095609910360067,6.762957932739194,8.680368655765722,9.430031866330038,7.899648726367521
N,4.1922753964881645,6.56685320378033,0,3.639179165691077,7.625480247171322,1.7624375166229296,3.231675262151196,4.007337520099847,3.2096493577959566,6.917847208489068,7.152980427765757,4.722867878736393,6.318323511818622,7.436035570113956,4.338827606623706,2.8210148882981816,3.067008477327704,8.602683360440508,8.271428171724638,5.9405468603488005
D,6.650239694928297,9.633601403421258,3.639179165691077,0,8.226909747894405,4.219447949673038,1.6802380783686577,6.379533603642197,6.226519412962591,8.887884168912194,9.043739492046418,7.727457279079581,8.299913071833945,9.124763010621152,7.484236768034534,5.566623752329593,5.665452850390691,10.105764493594732,8.889084823534985,8.084866232659635
C,5.875891421733387,10.208033307155693,7.625480247171322,8.226909747894405,0,6.50323957731837,7.7582113918093265,6.675988690823256,7.550728441680313,4.695830171545815,4.376699669842563,9.039684950262371,4.658096714324424,5.359759696105787,7.332255041936281,6.349898896832925,5.537832066792925,6.8989378892696225,4.4710313127957395,4.521303130735651
Q,4.030871493858369,5.9640051140152455,1.7624375166229296,4.219447949673038,6.50323957731837,0,3.296137284762272,4.453957790549883,2.4194389845581967,5.722753183564707,5.914695681098056,4.316250340283798,5.0277953418968835,6.056669134103331,4.166982241382845,2.9939353700439164,2.474020412203586,7.115763978660338,6.741327020698521,4.901542716329217
E,6.276005736135046,8.592652442639583,3.231675262151196,1.6802380783686577,7.7582113918093265,3.296137284762272,0,6.273304472126313,5.4549925756136455,8.203344744675796,8.3328280913505,6.972115604319825,7.48608956665628,8.305702860083548,6.826565754462488,5.183047366173688,5.052856221979803,9.192479317355032,8.170797329514421,7.408234742501077
G,1.687692211275504,8.070730388261028,4.007337520099847,6.379533603642197,6.675988690823256,4.453957790549883,6.273304472126313,0,5.267012910559457,6.074747402155912,6.245328253983132,6.534198420617482,5.856387111521915,7.510035219624472,3.3859074116106607,1.6451446744891465,2.7379972607729175,9.44499809422956,9.055148038546912,4.662301684790464
H,4.65445163257714,4.2986328059046865,3.2096493577959566,6.226519412962591,7.550728441680313,2.4194389845581967,5.4549925756136455,5.267012910559457,0,5.642125574639402,5.928035087615457,2.4947953823911098,5.119699698224497,5.953563974628978,4.173135991074339,3.961120548531691,3.4201292373242276,6.682981669883586,7.030549125068397,5.108575339563859
I,4.591561499098101,8.350221853340186,6.917847208489068,8.887884168912194,4.695830171545815,5.722753183564707,8.203344744675796,6.074747402155912,5.642125574639402,0,0.5012394637296628,7.502966413359453,1.0257358334386097,2.021302797702511,4.855059731867364,5.289784967274189,4.190726070742396,4.230927203344439,4.98706747497966,1.5561108572335072
L,4.781234150300526,8.524949501316708,7.152980427765757,9.043739492046418,4.376699669842563,5.914695681098056,8.3328280913505,6.245328253983132,5.928035087615457,0.5012394637296628,0,7.734217736785021,1.1173204553752696,2.03813738496697,5.10316999520886,5.495565121077176,4.388827178187812,4.246241161309611,4.810964664181187,1.6835801139238964
K,6.247125739089938,2.5819759874948494,4.722867878736393,7.727457279079581,9.039684950262371,4.316250340283798,6.972115604319825,6.534198420617482,2.4947953823911098,7.502966413359453,7.734217736785021,0,7.0447612450671455,7.860359788203082,5.6678599135829035,5.593306714279131,5.357312759210536,8.311076945859664,8.495738990811805,6.952483728855466
M,4.392122152217535,7.809034575413276,6.318323511818622,8.299913071833945,4.658096714324424,5.0277953418968835,7.48608956665628,5.856387111521915,5.119699698224497,1.0257358334386097,1.1173204553752696,7.0447612450671455,0,1.832898524196034,4.397794560913458,4.86708218545773,3.6692725437067217,4.007226097938573,4.810254878901949,1.5018218935679422
F,6.109607843388968,8.49075591452257,7.436035570113956,9.124763010621152,5.359759696105787,6.056669134103331,8.305702860083548,7.510035219624472,5.953563974628978,2.021302797702511,2.03813738496697,7.860359788203082,1.832898524196034,0,5.831629274911085,6.419788158498689,5.182143957861456,2.350603326807822,4.064178760832255,3.2655017991114317
P,2.7690012639939336,6.437508524266201,4.338827606623706,7.484236768034534,7.332255041936281,4.166982241382845,6.826565754462488,3.3859074116106607,4.173135991074339,4.855059731867364,5.10316999520886,5.6678599135829035,4.397794560913458,5.831629274911085,0,2.4635786977484604,2.460690147092884,7.538270093330432,8.456246744271361,3.7390669959229133
S,1.563499920051165,7.095609910360067,2.8210148882981816,5.566623752329593,6.349898896832925,2.9939353700439164,5.183047366173688,1.6451446744891465,3.961120548531691,5.289784967274189,5.495565121077176,5.593306714279131,4.86708218545773,6.419788158498689,2.4635786977484604,0,1.3180136569853893,8.194895972494098,8.048812148385624,3.9653582435890953
T,1.8362516167453742,6.762957932739194,3.067008477327704,5.665452850390691,5.537832066792925,2.474020412203586,5.052856221979803,2.7379972607729175,3.4201292373242276,4.190726070742396,4.388827178187812,5.357312759210536,3.6692725437067217,5.182143957861456,2.460690147092884,1.3180136569853893,0,6.925994513425491,6.8408275084232315,2.97745696862272
W,8.103030297364068,8.680368655765722,8.602683360440508,10.105764493594732,6.8989378892696225,7.115763978660338,9.192479317355032,9.44499809422956,6.682981669883586,4.230927203344439,4.246241161309611,8.311076945859664,4.007226097938573,2.350603326807822,7.538270093330432,8.194895972494098,6.925994513425491,0,3.888508840159683,5.4623429039195255
Y,7.962663436313254,9.430031866330038,8.271428171724638,8.889084823534985,4.4710313127957395,6.741327020698521,8.170797329514421,9.055148038546912,7.030549125068397,4.98706747497966,4.810964664181187,8.495738990811805,4.810254878901949,4.064178760832255,8.456246744271361,8.048812148385624,6.8408275084232315,3.888508840159683,0,5.793004833417629
V,3.145538109767547,7.899648726367521,5.9405468603488005,8.084866232659635,4.521303130735651,4.901542716329217,7.408234742501077,4.662301684790464,5.108575339563859,1.5561108572335072,1.6835801139238964,6.952483728855466,1.5018218935679422,3.2655017991114317,3.7390669959229133,3.9653582435890953,2.97745696862272,5.4623429039195255,5.793004833417629,0